{
 "cells": [
  {
   "cell_type": "code",
   "execution_count": 1,
   "metadata": {},
   "outputs": [],
   "source": [
    "import math\n",
    "import numpy as np\n",
    "import matplotlib as mpl\n",
    "import matplotlib.pyplot as plt\n",
    "\n",
    "\n",
    "from sklearn.utils import shuffle\n",
    "from sklearn.mixture import GaussianMixture\n",
    "from sklearn.decomposition import PCA\n",
    "from sklearn.metrics import classification_report\n",
    "\n",
    "import os\n",
    "import csv\n",
    "import random\n",
    "\n",
    "%matplotlib inline"
   ]
  },
  {
   "cell_type": "markdown",
   "metadata": {},
   "source": [
    "### Step 1: Load the csv files that contain the generated features"
   ]
  },
  {
   "cell_type": "code",
   "execution_count": 2,
   "metadata": {},
   "outputs": [],
   "source": [
    "features = []\n",
    "labels = []\n",
    "\n",
    "with open('./papsmear-features-normal.csv', newline='') as csvfile:\n",
    "    stored_features = csv.reader(csvfile, delimiter=',', quotechar='|')\n",
    "    for row in stored_features:\n",
    "        filename = row[0]\n",
    "        class_label = row[1]\n",
    "        v = np.array(row[2:len(row)], dtype=np.float32)\n",
    "        f = [filename, class_label, v]\n",
    "        features.append(f)\n",
    "        labels.append(class_label)"
   ]
  },
  {
   "cell_type": "code",
   "execution_count": 6,
   "metadata": {},
   "outputs": [],
   "source": [
    "with open('./papsmear-features-displastic.csv', newline='') as csvfile:\n",
    "    stored_features = csv.reader(csvfile, delimiter=',', quotechar='|')\n",
    "    for row in stored_features:\n",
    "        filename = row[0]\n",
    "        class_label = row[1]\n",
    "        v = np.array(row[2:len(row)], dtype=np.float32)\n",
    "        f = [filename, class_label, v]\n",
    "        features.append(f)\n",
    "        labels.append(class_label)"
   ]
  },
  {
   "cell_type": "markdown",
   "metadata": {},
   "source": [
    "### Step 2: Split the dataa into training and testing"
   ]
  },
  {
   "cell_type": "code",
   "execution_count": 7,
   "metadata": {},
   "outputs": [],
   "source": [
    "feature_length = len(features[0][2])\n",
    "features, labels = shuffle(features, labels, random_state=0)"
   ]
  },
  {
   "cell_type": "code",
   "execution_count": 8,
   "metadata": {},
   "outputs": [],
   "source": [
    "N_train = 200\n",
    "features_train = features[0:N_train]\n",
    "features_test = features[N_train:len(features)]\n",
    "\n",
    "labels_train = labels[0:N_train]\n",
    "labels_test = labels[N_train:len(features)]"
   ]
  },
  {
   "cell_type": "code",
   "execution_count": 9,
   "metadata": {},
   "outputs": [],
   "source": [
    "data_train = np.zeros((len(features_train), feature_length))\n",
    "data_test  = np.zeros((len(features_test), feature_length))"
   ]
  },
  {
   "cell_type": "code",
   "execution_count": 10,
   "metadata": {},
   "outputs": [],
   "source": [
    "for i in range(0, len(features_train)):\n",
    "    data_train[i, :] = features_train[i][2]\n",
    "    \n",
    "for i in range(0, len(features_test)):\n",
    "    data_test[i, :] = features_test[i][2]"
   ]
  },
  {
   "cell_type": "markdown",
   "metadata": {},
   "source": [
    "### Step 3: Set up and train the classifier "
   ]
  },
  {
   "cell_type": "code",
   "execution_count": 11,
   "metadata": {},
   "outputs": [],
   "source": [
    "clf = GaussianMixture(n_components=2, covariance_type='full', \n",
    "                      tol=0.001, reg_covar=1e-06, \n",
    "                      max_iter=100, n_init=1, \n",
    "                      init_params='kmeans', \n",
    "                      weights_init=None, means_init=None, \n",
    "                      precisions_init=None, random_state=None, \n",
    "                      warm_start=False, verbose=0, \n",
    "                      verbose_interval=10)"
   ]
  },
  {
   "cell_type": "code",
   "execution_count": 12,
   "metadata": {},
   "outputs": [
    {
     "data": {
      "text/plain": [
       "GaussianMixture(covariance_type='full', init_params='kmeans', max_iter=100,\n",
       "                means_init=None, n_components=2, n_init=1, precisions_init=None,\n",
       "                random_state=None, reg_covar=1e-06, tol=0.001, verbose=0,\n",
       "                verbose_interval=10, warm_start=False, weights_init=None)"
      ]
     },
     "execution_count": 12,
     "metadata": {},
     "output_type": "execute_result"
    }
   ],
   "source": [
    "clf.fit(data_train, np.asarray(labels_train))"
   ]
  },
  {
   "cell_type": "code",
   "execution_count": 13,
   "metadata": {},
   "outputs": [],
   "source": [
    "prediction = clf.predict(data_test)"
   ]
  },
  {
   "cell_type": "code",
   "execution_count": 14,
   "metadata": {},
   "outputs": [
    {
     "name": "stdout",
     "output_type": "stream",
     "text": [
      "[0 0 0 0 0 1 0 0 0 0 0 0 1 1 0 0 0 0 0 0 0 0 0 1 0 1 0 0 0 0 0 0 0 0 0 0 1\n",
      " 0 0 0 1 0 0 0 0 0 0 0 0 0 0 1 1 1 0 0 0 0 0 0 0 0 0 0 1 0 0 0 0 0 0 0 0 0\n",
      " 0 0 0 0 0 1 0 0 0 1 0 0 0 1 1 0 1 0 0 0 0 0 1 0 1 0 0 0 0 0 1 1 1 0 0 0 0\n",
      " 0 0 0 1 1 0 0 0 1 0 0 0 1 0 0 0 0 0 0 0 0 0 0 1 0 0 0 0 0 0 0 0 0 0 0 0 0\n",
      " 1 0 0 0 0 0 1 0 0 0 1 0 0 0 0 0 0 0 0 0 0 1 1 1 0 0 0 0 0 0 0 0 0 0 0 0 0\n",
      " 0 0 1 0 1 0 0 0 0 0 0 0 0 1 0 0 0 0 0 0 0 1 0 0 0 0 0 0 0 0 1 0 0 0 0 0 0\n",
      " 0 0 0 0 0 1 1 0 0 0 1 0 0 0 0 0 1 1 0 0 0 1 0 0 0 0 0 0 0 0 1 0 0 0 0 0 1\n",
      " 0 1 0 1 0 1 0 0 0]\n"
     ]
    }
   ],
   "source": [
    "print(prediction)"
   ]
  },
  {
   "cell_type": "code",
   "execution_count": 15,
   "metadata": {},
   "outputs": [
    {
     "name": "stdout",
     "output_type": "stream",
     "text": [
      "[1 1 1 1 1 1 1 1 1 1 1 0 1 1 0 0 1 1 0 1 1 1 1 1 1 1 1 1 1 1 0 1 1 1 0 1 1\n",
      " 0 1 0 1 1 1 0 1 1 1 1 0 0 1 1 1 1 1 1 1 1 1 1 1 1 1 1 1 1 1 1 1 1 0 0 1 1\n",
      " 1 1 1 1 1 0 1 1 1 1 1 0 1 1 1 1 1 1 1 1 1 1 0 1 1 1 1 1 1 1 1 1 1 0 1 1 1\n",
      " 1 0 1 1 1 1 1 1 1 1 1 1 1 1 1 1 1 1 0 1 1 1 0 1 0 0 1 0 1 1 1 1 1 1 0 1 1\n",
      " 1 0 0 0 1 1 1 1 1 1 1 1 1 1 1 1 1 0 1 0 1 1 1 1 1 1 1 1 1 1 1 1 1 1 1 1 1\n",
      " 1 1 1 1 1 1 1 1 1 0 1 1 1 1 0 1 1 1 1 1 0 1 0 1 1 1 0 1 1 1 1 1 1 0 0 1 1\n",
      " 1 1 1 1 1 1 1 1 1 1 1 1 1 1 1 1 1 1 0 1 0 1 1 1 1 1 0 1 1 1 1 0 1 1 1 1 1\n",
      " 0 1 1 1 1 1 1 0 1]\n"
     ]
    }
   ],
   "source": [
    "print(np.array(labels_test, dtype=np.int))"
   ]
  },
  {
   "cell_type": "code",
   "execution_count": 16,
   "metadata": {},
   "outputs": [
    {
     "name": "stdout",
     "output_type": "stream",
     "text": [
      "              precision    recall  f1-score   support\n",
      "\n",
      "           0       0.18      0.95      0.31        42\n",
      "           1       0.96      0.20      0.34       226\n",
      "\n",
      "    accuracy                           0.32       268\n",
      "   macro avg       0.57      0.58      0.32       268\n",
      "weighted avg       0.84      0.32      0.33       268\n",
      "\n"
     ]
    }
   ],
   "source": [
    "print(classification_report(np.array(labels_test, dtype=np.int), prediction))"
   ]
  },
  {
   "cell_type": "code",
   "execution_count": 17,
   "metadata": {},
   "outputs": [
    {
     "name": "stdout",
     "output_type": "stream",
     "text": [
      "[[0.00000000e+00 0.00000000e+00 0.00000000e+00 0.00000000e+00\n",
      "  0.00000000e+00 0.00000000e+00 0.00000000e+00 0.00000000e+00\n",
      "  3.31669243e-04 3.20658002e-02 2.20198542e-01 2.54748030e-01\n",
      "  2.86631995e-01 1.61130055e-01 2.89589176e-02 1.59349908e-02\n",
      "  1.95822749e+02 8.98797684e+00 1.56790015e-01 8.46187641e-04\n",
      "  2.79485293e-02 8.82862233e-01]\n",
      " [0.00000000e+00 0.00000000e+00 0.00000000e+00 0.00000000e+00\n",
      "  0.00000000e+00 0.00000000e+00 0.00000000e+00 0.00000000e+00\n",
      "  1.71659513e-40 1.14925367e-02 2.32130093e-01 1.87230433e-01\n",
      "  1.47882864e-01 1.85259894e-01 1.09315718e-01 1.26688462e-01\n",
      "  7.63922567e+02 1.83177991e+01 1.03940531e-01 3.16577115e-03\n",
      "  3.45294773e-02 8.20133462e-01]]\n"
     ]
    }
   ],
   "source": [
    "print(clf.means_)"
   ]
  },
  {
   "cell_type": "code",
   "execution_count": 18,
   "metadata": {},
   "outputs": [
    {
     "name": "stdout",
     "output_type": "stream",
     "text": [
      "[[[ 1.00000000e-06  0.00000000e+00  0.00000000e+00  0.00000000e+00\n",
      "    0.00000000e+00  0.00000000e+00  0.00000000e+00  0.00000000e+00\n",
      "    0.00000000e+00  0.00000000e+00  0.00000000e+00  0.00000000e+00\n",
      "    0.00000000e+00  0.00000000e+00  0.00000000e+00  0.00000000e+00\n",
      "    0.00000000e+00  0.00000000e+00  0.00000000e+00  0.00000000e+00\n",
      "    0.00000000e+00  0.00000000e+00]\n",
      "  [ 0.00000000e+00  1.00000000e-06  0.00000000e+00  0.00000000e+00\n",
      "    0.00000000e+00  0.00000000e+00  0.00000000e+00  0.00000000e+00\n",
      "    0.00000000e+00  0.00000000e+00  0.00000000e+00  0.00000000e+00\n",
      "    0.00000000e+00  0.00000000e+00  0.00000000e+00  0.00000000e+00\n",
      "    0.00000000e+00  0.00000000e+00  0.00000000e+00  0.00000000e+00\n",
      "    0.00000000e+00  0.00000000e+00]\n",
      "  [ 0.00000000e+00  0.00000000e+00  1.00000000e-06  0.00000000e+00\n",
      "    0.00000000e+00  0.00000000e+00  0.00000000e+00  0.00000000e+00\n",
      "    0.00000000e+00  0.00000000e+00  0.00000000e+00  0.00000000e+00\n",
      "    0.00000000e+00  0.00000000e+00  0.00000000e+00  0.00000000e+00\n",
      "    0.00000000e+00  0.00000000e+00  0.00000000e+00  0.00000000e+00\n",
      "    0.00000000e+00  0.00000000e+00]\n",
      "  [ 0.00000000e+00  0.00000000e+00  0.00000000e+00  1.00000000e-06\n",
      "    0.00000000e+00  0.00000000e+00  0.00000000e+00  0.00000000e+00\n",
      "    0.00000000e+00  0.00000000e+00  0.00000000e+00  0.00000000e+00\n",
      "    0.00000000e+00  0.00000000e+00  0.00000000e+00  0.00000000e+00\n",
      "    0.00000000e+00  0.00000000e+00  0.00000000e+00  0.00000000e+00\n",
      "    0.00000000e+00  0.00000000e+00]\n",
      "  [ 0.00000000e+00  0.00000000e+00  0.00000000e+00  0.00000000e+00\n",
      "    1.00000000e-06  0.00000000e+00  0.00000000e+00  0.00000000e+00\n",
      "    0.00000000e+00  0.00000000e+00  0.00000000e+00  0.00000000e+00\n",
      "    0.00000000e+00  0.00000000e+00  0.00000000e+00  0.00000000e+00\n",
      "    0.00000000e+00  0.00000000e+00  0.00000000e+00  0.00000000e+00\n",
      "    0.00000000e+00  0.00000000e+00]\n",
      "  [ 0.00000000e+00  0.00000000e+00  0.00000000e+00  0.00000000e+00\n",
      "    0.00000000e+00  1.00000000e-06  0.00000000e+00  0.00000000e+00\n",
      "    0.00000000e+00  0.00000000e+00  0.00000000e+00  0.00000000e+00\n",
      "    0.00000000e+00  0.00000000e+00  0.00000000e+00  0.00000000e+00\n",
      "    0.00000000e+00  0.00000000e+00  0.00000000e+00  0.00000000e+00\n",
      "    0.00000000e+00  0.00000000e+00]\n",
      "  [ 0.00000000e+00  0.00000000e+00  0.00000000e+00  0.00000000e+00\n",
      "    0.00000000e+00  0.00000000e+00  1.00000000e-06  0.00000000e+00\n",
      "    0.00000000e+00  0.00000000e+00  0.00000000e+00  0.00000000e+00\n",
      "    0.00000000e+00  0.00000000e+00  0.00000000e+00  0.00000000e+00\n",
      "    0.00000000e+00  0.00000000e+00  0.00000000e+00  0.00000000e+00\n",
      "    0.00000000e+00  0.00000000e+00]\n",
      "  [ 0.00000000e+00  0.00000000e+00  0.00000000e+00  0.00000000e+00\n",
      "    0.00000000e+00  0.00000000e+00  0.00000000e+00  1.00000000e-06\n",
      "    0.00000000e+00  0.00000000e+00  0.00000000e+00  0.00000000e+00\n",
      "    0.00000000e+00  0.00000000e+00  0.00000000e+00  0.00000000e+00\n",
      "    0.00000000e+00  0.00000000e+00  0.00000000e+00  0.00000000e+00\n",
      "    0.00000000e+00  0.00000000e+00]\n",
      "  [ 0.00000000e+00  0.00000000e+00  0.00000000e+00  0.00000000e+00\n",
      "    0.00000000e+00  0.00000000e+00  0.00000000e+00  0.00000000e+00\n",
      "    7.06837892e-06 -2.61400432e-06 -2.71748921e-05  3.46435334e-05\n",
      "    3.12839498e-05 -2.73207167e-05 -9.60110084e-06 -5.28514636e-06\n",
      "   -1.63419204e-02 -5.38504602e-04  1.27599788e-05  1.73395853e-07\n",
      "    2.73816924e-06  1.43073973e-05]\n",
      "  [ 0.00000000e+00  0.00000000e+00  0.00000000e+00  0.00000000e+00\n",
      "    0.00000000e+00  0.00000000e+00  0.00000000e+00  0.00000000e+00\n",
      "   -2.61400432e-06  7.23593116e-03  3.58116798e-03 -1.47318604e-03\n",
      "   -4.76244265e-03 -3.34352864e-03 -7.50453351e-04 -4.83874350e-04\n",
      "    5.39456903e-02 -1.45390924e-02  7.60543525e-04  2.30791420e-05\n",
      "    2.99149749e-04  3.04847794e-04]\n",
      "  [ 0.00000000e+00  0.00000000e+00  0.00000000e+00  0.00000000e+00\n",
      "    0.00000000e+00  0.00000000e+00  0.00000000e+00  0.00000000e+00\n",
      "   -2.71748921e-05  3.58116798e-03  2.73240061e-02  3.57004356e-03\n",
      "   -1.32378057e-02 -1.34895667e-02 -4.75738496e-03 -2.96228501e-03\n",
      "    2.82787025e+00  6.83331617e-02 -9.63374940e-04 -7.56467658e-06\n",
      "   -7.80079199e-05 -1.05205775e-03]\n",
      "  [ 0.00000000e+00  0.00000000e+00  0.00000000e+00  0.00000000e+00\n",
      "    0.00000000e+00  0.00000000e+00  0.00000000e+00  0.00000000e+00\n",
      "    3.46435334e-05 -1.47318604e-03  3.57004356e-03  2.16131629e-02\n",
      "   -6.13775501e-03 -9.34504062e-03 -4.88463175e-03 -3.37623623e-03\n",
      "   -1.53648128e+00 -7.01431862e-03 -8.87976810e-04 -1.94805262e-05\n",
      "   -2.31946240e-04 -1.26945190e-03]\n",
      "  [ 0.00000000e+00  0.00000000e+00  0.00000000e+00  0.00000000e+00\n",
      "    0.00000000e+00  0.00000000e+00  0.00000000e+00  0.00000000e+00\n",
      "    3.12839498e-05 -4.76244265e-03 -1.32378057e-02 -6.13775501e-03\n",
      "    2.59175610e-02  3.87213002e-03 -3.17025215e-03 -2.51171986e-03\n",
      "   -5.27764830e+00 -1.22311236e-01  1.44968565e-03  6.66665900e-06\n",
      "    1.29936691e-04  5.21486540e-04]\n",
      "  [ 0.00000000e+00  0.00000000e+00  0.00000000e+00  0.00000000e+00\n",
      "    0.00000000e+00  0.00000000e+00  0.00000000e+00  0.00000000e+00\n",
      "   -2.73207167e-05 -3.34352864e-03 -1.34895667e-02 -9.34504062e-03\n",
      "    3.87213002e-03  1.89139503e-02  2.33515507e-03  1.08522112e-03\n",
      "    1.40100174e-01 -1.77895513e-02  9.92294975e-04  1.00098884e-05\n",
      "    1.08374829e-04  1.63640302e-03]\n",
      "  [ 0.00000000e+00  0.00000000e+00  0.00000000e+00  0.00000000e+00\n",
      "    0.00000000e+00  0.00000000e+00  0.00000000e+00  0.00000000e+00\n",
      "   -9.60110084e-06 -7.50453351e-04 -4.75738496e-03 -4.88463175e-03\n",
      "   -3.17025215e-03  2.33515507e-03  7.24568673e-03  3.99248139e-03\n",
      "    2.06874337e+00  5.53278898e-02 -9.32823947e-04 -9.14224937e-06\n",
      "   -1.63294200e-04  8.13186483e-05]\n",
      "  [ 0.00000000e+00  0.00000000e+00  0.00000000e+00  0.00000000e+00\n",
      "    0.00000000e+00  0.00000000e+00  0.00000000e+00  0.00000000e+00\n",
      "   -5.28514636e-06 -4.83874350e-04 -2.96228501e-03 -3.37623623e-03\n",
      "   -2.51171986e-03  1.08522112e-03  3.99248139e-03  4.26269805e-03\n",
      "    1.73981195e+00  3.85316514e-02 -4.31108424e-04 -3.74163298e-06\n",
      "   -6.69510784e-05 -2.36853724e-04]\n",
      "  [ 0.00000000e+00  0.00000000e+00  0.00000000e+00  0.00000000e+00\n",
      "    0.00000000e+00  0.00000000e+00  0.00000000e+00  0.00000000e+00\n",
      "   -1.63419204e-02  5.39456903e-02  2.82787025e+00 -1.53648128e+00\n",
      "   -5.27764830e+00  1.40100174e-01  2.06874337e+00  1.73981195e+00\n",
      "    8.65720410e+03  1.92930487e+02 -2.28194921e+00 -1.97855886e-02\n",
      "   -3.05013979e-01 -1.93373263e+00]\n",
      "  [ 0.00000000e+00  0.00000000e+00  0.00000000e+00  0.00000000e+00\n",
      "    0.00000000e+00  0.00000000e+00  0.00000000e+00  0.00000000e+00\n",
      "   -5.38504602e-04 -1.45390924e-02  6.83331617e-02 -7.01431862e-03\n",
      "   -1.22311236e-01 -1.77895513e-02  5.53278898e-02  3.85316514e-02\n",
      "    1.92930487e+02  4.99796209e+00 -7.38945942e-02 -7.13238031e-04\n",
      "   -1.09781827e-02 -5.06993162e-02]\n",
      "  [ 0.00000000e+00  0.00000000e+00  0.00000000e+00  0.00000000e+00\n",
      "    0.00000000e+00  0.00000000e+00  0.00000000e+00  0.00000000e+00\n",
      "    1.27599788e-05  7.60543525e-04 -9.63374940e-04 -8.87976810e-04\n",
      "    1.44968565e-03  9.92294975e-04 -9.32823947e-04 -4.31108424e-04\n",
      "   -2.28194921e+00 -7.38945942e-02  1.48832924e-03  1.71687024e-05\n",
      "    2.57883348e-04  8.13033913e-04]\n",
      "  [ 0.00000000e+00  0.00000000e+00  0.00000000e+00  0.00000000e+00\n",
      "    0.00000000e+00  0.00000000e+00  0.00000000e+00  0.00000000e+00\n",
      "    1.73395853e-07  2.30791420e-05 -7.56467658e-06 -1.94805262e-05\n",
      "    6.66665900e-06  1.00098884e-05 -9.14224937e-06 -3.74163298e-06\n",
      "   -1.97855886e-02 -7.13238031e-04  1.71687024e-05  1.31584794e-06\n",
      "    4.44435736e-06  2.55771963e-06]\n",
      "  [ 0.00000000e+00  0.00000000e+00  0.00000000e+00  0.00000000e+00\n",
      "    0.00000000e+00  0.00000000e+00  0.00000000e+00  0.00000000e+00\n",
      "    2.73816924e-06  2.99149749e-04 -7.80079199e-05 -2.31946240e-04\n",
      "    1.29936691e-04  1.08374829e-04 -1.63294200e-04 -6.69510784e-05\n",
      "   -3.05013979e-01 -1.09781827e-02  2.57883348e-04  4.44435736e-06\n",
      "    6.60673489e-05  2.85786908e-05]\n",
      "  [ 0.00000000e+00  0.00000000e+00  0.00000000e+00  0.00000000e+00\n",
      "    0.00000000e+00  0.00000000e+00  0.00000000e+00  0.00000000e+00\n",
      "    1.43073973e-05  3.04847794e-04 -1.05205775e-03 -1.26945190e-03\n",
      "    5.21486540e-04  1.63640302e-03  8.13186483e-05 -2.36853724e-04\n",
      "   -1.93373263e+00 -5.06993162e-02  8.13033913e-04  2.55771963e-06\n",
      "    2.85786908e-05  2.45909694e-03]]\n",
      "\n",
      " [[ 1.00000000e-06  0.00000000e+00  0.00000000e+00  0.00000000e+00\n",
      "    0.00000000e+00  0.00000000e+00  0.00000000e+00  0.00000000e+00\n",
      "    0.00000000e+00  0.00000000e+00  0.00000000e+00  0.00000000e+00\n",
      "    0.00000000e+00  0.00000000e+00  0.00000000e+00  0.00000000e+00\n",
      "    0.00000000e+00  0.00000000e+00  0.00000000e+00  0.00000000e+00\n",
      "    0.00000000e+00  0.00000000e+00]\n",
      "  [ 0.00000000e+00  1.00000000e-06  0.00000000e+00  0.00000000e+00\n",
      "    0.00000000e+00  0.00000000e+00  0.00000000e+00  0.00000000e+00\n",
      "    0.00000000e+00  0.00000000e+00  0.00000000e+00  0.00000000e+00\n",
      "    0.00000000e+00  0.00000000e+00  0.00000000e+00  0.00000000e+00\n",
      "    0.00000000e+00  0.00000000e+00  0.00000000e+00  0.00000000e+00\n",
      "    0.00000000e+00  0.00000000e+00]\n",
      "  [ 0.00000000e+00  0.00000000e+00  1.00000000e-06  0.00000000e+00\n",
      "    0.00000000e+00  0.00000000e+00  0.00000000e+00  0.00000000e+00\n",
      "    0.00000000e+00  0.00000000e+00  0.00000000e+00  0.00000000e+00\n",
      "    0.00000000e+00  0.00000000e+00  0.00000000e+00  0.00000000e+00\n",
      "    0.00000000e+00  0.00000000e+00  0.00000000e+00  0.00000000e+00\n",
      "    0.00000000e+00  0.00000000e+00]\n",
      "  [ 0.00000000e+00  0.00000000e+00  0.00000000e+00  1.00000000e-06\n",
      "    0.00000000e+00  0.00000000e+00  0.00000000e+00  0.00000000e+00\n",
      "    0.00000000e+00  0.00000000e+00  0.00000000e+00  0.00000000e+00\n",
      "    0.00000000e+00  0.00000000e+00  0.00000000e+00  0.00000000e+00\n",
      "    0.00000000e+00  0.00000000e+00  0.00000000e+00  0.00000000e+00\n",
      "    0.00000000e+00  0.00000000e+00]\n",
      "  [ 0.00000000e+00  0.00000000e+00  0.00000000e+00  0.00000000e+00\n",
      "    1.00000000e-06  0.00000000e+00  0.00000000e+00  0.00000000e+00\n",
      "    0.00000000e+00  0.00000000e+00  0.00000000e+00  0.00000000e+00\n",
      "    0.00000000e+00  0.00000000e+00  0.00000000e+00  0.00000000e+00\n",
      "    0.00000000e+00  0.00000000e+00  0.00000000e+00  0.00000000e+00\n",
      "    0.00000000e+00  0.00000000e+00]\n",
      "  [ 0.00000000e+00  0.00000000e+00  0.00000000e+00  0.00000000e+00\n",
      "    0.00000000e+00  1.00000000e-06  0.00000000e+00  0.00000000e+00\n",
      "    0.00000000e+00  0.00000000e+00  0.00000000e+00  0.00000000e+00\n",
      "    0.00000000e+00  0.00000000e+00  0.00000000e+00  0.00000000e+00\n",
      "    0.00000000e+00  0.00000000e+00  0.00000000e+00  0.00000000e+00\n",
      "    0.00000000e+00  0.00000000e+00]\n",
      "  [ 0.00000000e+00  0.00000000e+00  0.00000000e+00  0.00000000e+00\n",
      "    0.00000000e+00  0.00000000e+00  1.00000000e-06  0.00000000e+00\n",
      "    0.00000000e+00  0.00000000e+00  0.00000000e+00  0.00000000e+00\n",
      "    0.00000000e+00  0.00000000e+00  0.00000000e+00  0.00000000e+00\n",
      "    0.00000000e+00  0.00000000e+00  0.00000000e+00  0.00000000e+00\n",
      "    0.00000000e+00  0.00000000e+00]\n",
      "  [ 0.00000000e+00  0.00000000e+00  0.00000000e+00  0.00000000e+00\n",
      "    0.00000000e+00  0.00000000e+00  0.00000000e+00  1.00000000e-06\n",
      "    0.00000000e+00  0.00000000e+00  0.00000000e+00  0.00000000e+00\n",
      "    0.00000000e+00  0.00000000e+00  0.00000000e+00  0.00000000e+00\n",
      "    0.00000000e+00  0.00000000e+00  0.00000000e+00  0.00000000e+00\n",
      "    0.00000000e+00  0.00000000e+00]\n",
      "  [ 0.00000000e+00  0.00000000e+00  0.00000000e+00  0.00000000e+00\n",
      "    0.00000000e+00  0.00000000e+00  0.00000000e+00  0.00000000e+00\n",
      "    1.00000000e-06 -3.65338725e-43  8.46718841e-42 -4.68831153e-43\n",
      "    6.37624181e-41 -3.17700216e-41 -1.87650829e-41 -2.17472797e-41\n",
      "   -1.13164905e-37 -2.08349454e-39  2.01359737e-41 -1.57857554e-43\n",
      "    2.20828700e-42  2.02702316e-41]\n",
      "  [ 0.00000000e+00  0.00000000e+00  0.00000000e+00  0.00000000e+00\n",
      "    0.00000000e+00  0.00000000e+00  0.00000000e+00  0.00000000e+00\n",
      "   -3.65338725e-43  1.83891030e-03  1.60786183e-03 -1.65182943e-04\n",
      "   -2.99273354e-04 -4.40641977e-04 -1.12205647e-03 -1.41861738e-03\n",
      "    1.86015988e+00  1.07684553e-02  2.41504876e-04 -2.63856266e-05\n",
      "   -6.66942597e-05 -1.92478398e-03]\n",
      "  [ 0.00000000e+00  0.00000000e+00  0.00000000e+00  0.00000000e+00\n",
      "    0.00000000e+00  0.00000000e+00  0.00000000e+00  0.00000000e+00\n",
      "    8.46718841e-42  1.60786183e-03  1.87758620e-02  1.02553115e-03\n",
      "    1.14100621e-03 -4.02601824e-03 -6.92507257e-03 -1.15981703e-02\n",
      "    2.65962027e-01 -2.66258554e-02 -8.27799458e-04 -3.56756296e-04\n",
      "   -1.60493247e-03 -3.41327269e-03]\n",
      "  [ 0.00000000e+00  0.00000000e+00  0.00000000e+00  0.00000000e+00\n",
      "    0.00000000e+00  0.00000000e+00  0.00000000e+00  0.00000000e+00\n",
      "   -4.68831153e-43 -1.65182943e-04  1.02553115e-03  4.09959837e-03\n",
      "    1.05915788e-03 -4.00259856e-04 -7.90414078e-04 -4.82743076e-03\n",
      "   -5.06912871e-01 -1.71602004e-03 -1.17735450e-03 -1.47474702e-04\n",
      "   -8.45274543e-04 -2.83474942e-03]\n",
      "  [ 0.00000000e+00  0.00000000e+00  0.00000000e+00  0.00000000e+00\n",
      "    0.00000000e+00  0.00000000e+00  0.00000000e+00  0.00000000e+00\n",
      "    6.37624181e-41 -2.99273354e-04  1.14100621e-03  1.05915788e-03\n",
      "    4.17671269e-03  3.95798156e-04 -2.13478925e-03 -4.33761240e-03\n",
      "   -1.67994131e+00 -4.70964176e-04 -8.50083456e-04 -1.80907344e-04\n",
      "   -8.52992460e-04 -1.28471947e-03]\n",
      "  [ 0.00000000e+00  0.00000000e+00  0.00000000e+00  0.00000000e+00\n",
      "    0.00000000e+00  0.00000000e+00  0.00000000e+00  0.00000000e+00\n",
      "   -3.17700216e-41 -4.40641977e-04 -4.02601824e-03 -4.00259856e-04\n",
      "    3.95798156e-04  6.72459071e-03  1.48802889e-03 -3.74049766e-03\n",
      "   -6.73314065e+00 -2.03287707e-02 -1.06702759e-03 -1.30282456e-04\n",
      "   -6.75727525e-04  1.18700187e-03]\n",
      "  [ 0.00000000e+00  0.00000000e+00  0.00000000e+00  0.00000000e+00\n",
      "    0.00000000e+00  0.00000000e+00  0.00000000e+00  0.00000000e+00\n",
      "   -1.87650829e-41 -1.12205647e-03 -6.92507257e-03 -7.90414078e-04\n",
      "   -2.13478925e-03  1.48802889e-03  5.31976028e-03  4.16554330e-03\n",
      "    5.57110426e-01  2.57576880e-02 -2.89427407e-04  4.19763971e-05\n",
      "    1.64853126e-04  2.31186943e-03]\n",
      "  [ 0.00000000e+00  0.00000000e+00  0.00000000e+00  0.00000000e+00\n",
      "    0.00000000e+00  0.00000000e+00  0.00000000e+00  0.00000000e+00\n",
      "   -2.17472797e-41 -1.41861738e-03 -1.15981703e-02 -4.82743076e-03\n",
      "   -4.33761240e-03 -3.74049766e-03  4.16554330e-03  2.17577851e-02\n",
      "    6.23676204e+00  1.26154646e-02  3.97018751e-03  7.99830024e-04\n",
      "    3.88076808e-03  5.95865434e-03]\n",
      "  [ 0.00000000e+00  0.00000000e+00  0.00000000e+00  0.00000000e+00\n",
      "    0.00000000e+00  0.00000000e+00  0.00000000e+00  0.00000000e+00\n",
      "   -1.13164905e-37  1.86015988e+00  2.65962027e-01 -5.06912871e-01\n",
      "   -1.67994131e+00 -6.73314065e+00  5.57110426e-01  6.23676204e+00\n",
      "    4.10882593e+04  4.03740846e+02 -8.18954942e-01 -1.80926798e-01\n",
      "   -7.72951424e-01 -3.04420305e+00]\n",
      "  [ 0.00000000e+00  0.00000000e+00  0.00000000e+00  0.00000000e+00\n",
      "    0.00000000e+00  0.00000000e+00  0.00000000e+00  0.00000000e+00\n",
      "   -2.08349454e-39  1.07684553e-02 -2.66258554e-02 -1.71602004e-03\n",
      "   -4.70964176e-04 -2.03287707e-02  2.57576880e-02  1.26154646e-02\n",
      "    4.03740846e+02  5.25452516e+00 -4.24271630e-02 -6.03038572e-03\n",
      "   -2.96330202e-02 -3.39294604e-02]\n",
      "  [ 0.00000000e+00  0.00000000e+00  0.00000000e+00  0.00000000e+00\n",
      "    0.00000000e+00  0.00000000e+00  0.00000000e+00  0.00000000e+00\n",
      "    2.01359737e-41  2.41504876e-04 -8.27799458e-04 -1.17735450e-03\n",
      "   -8.50083456e-04 -1.06702759e-03 -2.89427407e-04  3.97018751e-03\n",
      "   -8.18954942e-01 -4.24271630e-02  2.16631026e-03  4.06752775e-04\n",
      "    1.92089552e-03  1.04207468e-03]\n",
      "  [ 0.00000000e+00  0.00000000e+00  0.00000000e+00  0.00000000e+00\n",
      "    0.00000000e+00  0.00000000e+00  0.00000000e+00  0.00000000e+00\n",
      "   -1.57857554e-43 -2.63856266e-05 -3.56756296e-04 -1.47474702e-04\n",
      "   -1.80907344e-04 -1.30282456e-04  4.19763971e-05  7.99830024e-04\n",
      "   -1.80926798e-01 -6.03038572e-03  4.06752775e-04  1.04702134e-04\n",
      "    4.38316021e-04  2.33805304e-04]\n",
      "  [ 0.00000000e+00  0.00000000e+00  0.00000000e+00  0.00000000e+00\n",
      "    0.00000000e+00  0.00000000e+00  0.00000000e+00  0.00000000e+00\n",
      "    2.20828700e-42 -6.66942597e-05 -1.60493247e-03 -8.45274543e-04\n",
      "   -8.52992460e-04 -6.75727525e-04  1.64853126e-04  3.88076808e-03\n",
      "   -7.72951424e-01 -2.96330202e-02  1.92089552e-03  4.38316021e-04\n",
      "    1.97448629e-03  1.15268215e-03]\n",
      "  [ 0.00000000e+00  0.00000000e+00  0.00000000e+00  0.00000000e+00\n",
      "    0.00000000e+00  0.00000000e+00  0.00000000e+00  0.00000000e+00\n",
      "    2.02702316e-41 -1.92478398e-03 -3.41327269e-03 -2.83474942e-03\n",
      "   -1.28471947e-03  1.18700187e-03  2.31186943e-03  5.95865434e-03\n",
      "   -3.04420305e+00 -3.39294604e-02  1.04207468e-03  2.33805304e-04\n",
      "    1.15268215e-03  5.15085967e-03]]]\n"
     ]
    }
   ],
   "source": [
    "print(clf.covariances_)"
   ]
  },
  {
   "cell_type": "code",
   "execution_count": 19,
   "metadata": {},
   "outputs": [
    {
     "name": "stdout",
     "output_type": "stream",
     "text": [
      "[0.81481273 0.18518727]\n"
     ]
    }
   ],
   "source": [
    "print(clf.weights_)"
   ]
  },
  {
   "cell_type": "code",
   "execution_count": null,
   "metadata": {},
   "outputs": [],
   "source": []
  },
  {
   "cell_type": "code",
   "execution_count": null,
   "metadata": {},
   "outputs": [],
   "source": []
  }
 ],
 "metadata": {
  "kernelspec": {
   "display_name": "Python 3",
   "language": "python",
   "name": "python3"
  },
  "language_info": {
   "codemirror_mode": {
    "name": "ipython",
    "version": 3
   },
   "file_extension": ".py",
   "mimetype": "text/x-python",
   "name": "python",
   "nbconvert_exporter": "python",
   "pygments_lexer": "ipython3",
   "version": "3.7.6"
  }
 },
 "nbformat": 4,
 "nbformat_minor": 4
}
